paris_defense_000605.jpg		 : 0.020759174960561483
paris_defense_000331.jpg		 : 0.015382207116614775
paris_defense_000216.jpg		 : 0.014087486639892125
paris_defense_000056.jpg		 : 0.01608251636000287
paris_defense_000254.jpg		 : 0.013722077406583055
paris_general_002985.jpg		 : 0.12511693038365732
paris_general_001729.jpg		 : 0.28046080418348357
paris_eiffel_000266.jpg		 : 0.11194877765765435
paris_general_002645.jpg		 : 0.16059492750367926
paris_general_002391.jpg		 : 0.12434076280228014
paris_invalides_000355.jpg		 : 0.04438022155490979
paris_invalides_000072.jpg		 : 0.08067998069916296
paris_invalides_000490.jpg		 : 0.04621086786775185
paris_invalides_000229.jpg		 : 0.0652090945705425
paris_invalides_000360.jpg		 : 0.04648833143849467
paris_louvre_000081.jpg		 : 0.03992646176031739
paris_louvre_000135.jpg		 : 0.07258032800706367
paris_louvre_000050.jpg		 : 0.03667745903577097
paris_louvre_000035.jpg		 : 0.049464190575477664
paris_louvre_000139.jpg		 : 0.030788262301429087
paris_moulinrouge_000667.jpg		 : 0.07415533738498313
paris_moulinrouge_000868.jpg		 : 0.06749406543229829
paris_moulinrouge_000657.jpg		 : 0.05489892110077724
paris_moulinrouge_000794.jpg		 : 0.056051094586809506
paris_moulinrouge_000004.jpg		 : 0.20357738210251924
paris_museedorsay_000527.jpg		 : 0.08071353554234831
paris_museedorsay_000012.jpg		 : 0.013212657707420266
paris_museedorsay_000897.jpg		 : 0.034448274327149433
paris_museedorsay_000564.jpg		 : 0.03954888943101
paris_museedorsay_000878.jpg		 : 0.0402784758925707
paris_notredame_000256.jpg		 : 0.3901470116556745
paris_notredame_000965.jpg		 : 0.2585545643144172
paris_notredame_000390.jpg		 : 0.24303679696322675
paris_general_003117.jpg		 : 0.4878827953873188
paris_notredame_000581.jpg		 : 0.12143459136462573
paris_pantheon_000466.jpg		 : 0.05912041352322343
paris_pantheon_000520.jpg		 : 0.045678190823863506
paris_pantheon_000232.jpg		 : 0.044816556675395115
paris_pantheon_000547.jpg		 : 0.06807319583315097
paris_pantheon_000339.jpg		 : 0.08048238729192013
paris_pompidou_000432.jpg		 : 0.00756901035527452
paris_pompidou_000444.jpg		 : 0.007052651523968681
paris_pompidou_000252.jpg		 : 0.00814461195509007
paris_pompidou_000471.jpg		 : 0.008149976968262466
paris_pompidou_000636.jpg		 : 0.006691946843645648
paris_sacrecoeur_000162.jpg		 : 0.0507994724671733
paris_sacrecoeur_000417.jpg		 : 0.08576645518608642
paris_sacrecoeur_000237.jpg		 : 0.12663131471339897
paris_sacrecoeur_000586.jpg		 : 0.08372059264981142
paris_sacrecoeur_000437.jpg		 : 0.11100838472962134
paris_triomphe_000369.jpg		 : 0.12857461130356101
paris_triomphe_000016.jpg		 : 0.1038287615921847
paris_triomphe_000135.jpg		 : 0.1281770901319338
paris_triomphe_000149.jpg		 : 0.07952250430007504
paris_defense_000038.jpg		 : 0.09855533345144359

------------------------------
average MaP 		 : 0.08895815851522841
