paris_defense_000605.jpg		 : 0.020899986481066626
paris_defense_000331.jpg		 : 0.017686303978810863
paris_defense_000216.jpg		 : 0.018610542709914264
paris_defense_000056.jpg		 : 0.02377360972679081
paris_defense_000254.jpg		 : 0.02009512277125437
paris_general_002985.jpg		 : 0.07101488679021764
paris_general_001729.jpg		 : 0.07528473839204032
paris_eiffel_000266.jpg		 : 0.08817587784180177
paris_general_002645.jpg		 : 0.08663254536550664
paris_general_002391.jpg		 : 0.12950213939944416
paris_invalides_000355.jpg		 : 0.04879863997727911
paris_invalides_000072.jpg		 : 0.0798009029157412
paris_invalides_000490.jpg		 : 0.09631217254299138
paris_invalides_000229.jpg		 : 0.044599868794468735
paris_invalides_000360.jpg		 : 0.06265560943037349
paris_louvre_000081.jpg		 : 0.04258501433719072
paris_louvre_000135.jpg		 : 0.054734725683010174
paris_louvre_000050.jpg		 : 0.05886385856674159
paris_louvre_000035.jpg		 : 0.03824743900443752
paris_louvre_000139.jpg		 : 0.04119423588809489
paris_moulinrouge_000667.jpg		 : 0.03388642379743942
paris_moulinrouge_000868.jpg		 : 0.046500887722513165
paris_moulinrouge_000657.jpg		 : 0.03962937855720735
paris_moulinrouge_000794.jpg		 : 0.04821000238261044
paris_moulinrouge_000004.jpg		 : 0.07356338755253085
paris_museedorsay_000527.jpg		 : 0.3829044022215713
paris_museedorsay_000012.jpg		 : 0.014516879279492806
paris_museedorsay_000897.jpg		 : 0.33367971124530454
paris_museedorsay_000564.jpg		 : 0.13074111136238264
paris_museedorsay_000878.jpg		 : 0.11307207192487606
paris_notredame_000256.jpg		 : 0.07375102113008754
paris_notredame_000965.jpg		 : 0.22422436126876805
paris_notredame_000390.jpg		 : 0.4151391079497283
paris_general_003117.jpg		 : 0.3038448609326517
paris_notredame_000581.jpg		 : 0.07909665490174517
paris_pantheon_000466.jpg		 : 0.04214563948394957
paris_pantheon_000520.jpg		 : 0.06768904551436539
paris_pantheon_000232.jpg		 : 0.043286148446379735
paris_pantheon_000547.jpg		 : 0.05119887305959039
paris_pantheon_000339.jpg		 : 0.07124550996994164
paris_pompidou_000432.jpg		 : 0.010351636497820055
paris_pompidou_000444.jpg		 : 0.009223491942134792
paris_pompidou_000252.jpg		 : 0.01097941752003215
paris_pompidou_000471.jpg		 : 0.009739383011473986
paris_pompidou_000636.jpg		 : 0.011119918358718719
paris_sacrecoeur_000162.jpg		 : 0.05836495248622101
paris_sacrecoeur_000417.jpg		 : 0.0833101901748568
paris_sacrecoeur_000237.jpg		 : 0.06391018461909383
paris_sacrecoeur_000586.jpg		 : 0.11268764879395289
paris_sacrecoeur_000437.jpg		 : 0.05848603944651903
paris_triomphe_000369.jpg		 : 0.12733822289712018
paris_triomphe_000016.jpg		 : 0.23753125647112394
paris_triomphe_000135.jpg		 : 0.14688553825253906
paris_triomphe_000149.jpg		 : 0.2707454701645854
paris_defense_000038.jpg		 : 0.09673329275368715

------------------------------
average MaP 		 : 0.09118546077618529
