all_souls_000013.jpg		 : 0.10642692427617838
all_souls_000026.jpg		 : 0.0740107655188302
oxford_002985.jpg		 : 0.034858687574291725
all_souls_000051.jpg		 : 0.19433602865150534
oxford_003410.jpg		 : 0.05790518242546823
ashmolean_000058.jpg		 : 0.01053642716296884
ashmolean_000000.jpg		 : 0.016188532582315233
ashmolean_000269.jpg		 : 0.004639620758713567
ashmolean_000007.jpg		 : 0.007444288342459397
ashmolean_000305.jpg		 : 0.00489176615333895
balliol_000051.jpg		 : 0.003950330465948848
balliol_000187.jpg		 : 0.013136706553477474
balliol_000167.jpg		 : 0.020578569991677474
balliol_000194.jpg		 : 0.008046134609541948
oxford_001753.jpg		 : 0.008032799457463456
bodleian_000107.jpg		 : 0.012923879756795865
oxford_002416.jpg		 : 0.011880835146727735
bodleian_000108.jpg		 : 0.01026663897780372
bodleian_000407.jpg		 : 0.004955581599792636
bodleian_000163.jpg		 : 0.007282606869269539
christ_church_000179.jpg		 : 0.06695219787047242
oxford_002734.jpg		 : 0.03834320326391052
christ_church_000999.jpg		 : 0.017939425961054422
christ_church_001020.jpg		 : 0.07398145039165092
oxford_002562.jpg		 : 0.028728317399911933
cornmarket_000047.jpg		 : 0.005077972030717919
cornmarket_000105.jpg		 : 0.006852609588454443
cornmarket_000019.jpg		 : 0.004752873897774331
oxford_000545.jpg		 : 0.017342409532538506
cornmarket_000131.jpg		 : 0.008758338267063693
hertford_000015.jpg		 : 0.0415288786631003
oxford_001752.jpg		 : 0.04410863450823533
oxford_000317.jpg		 : 0.025932642179196955
hertford_000027.jpg		 : 0.02599632662795837
hertford_000063.jpg		 : 0.0234935602229799
keble_000245.jpg		 : 0.016252234107060226
keble_000214.jpg		 : 0.02664780093797629
keble_000227.jpg		 : 0.017727430136451724
keble_000028.jpg		 : 0.01191101303436959
keble_000055.jpg		 : 0.014031952369317426
magdalen_000078.jpg		 : 0.02803324341331312
oxford_003335.jpg		 : 0.0406367738261764
magdalen_000058.jpg		 : 0.03550226059330666
oxford_001115.jpg		 : 0.08816704263179134
magdalen_000560.jpg		 : 0.035824407562023895
pitt_rivers_000033.jpg		 : 0.0030187646345350063
pitt_rivers_000119.jpg		 : 0.00553548243417442
pitt_rivers_000153.jpg		 : 0.0025128215647052823
pitt_rivers_000087.jpg		 : 0.002154107010854606
pitt_rivers_000058.jpg		 : 0.008759363137456361
radcliffe_camera_000519.jpg		 : 0.2203674965777351
oxford_002904.jpg		 : 0.2944897578674492
radcliffe_camera_000523.jpg		 : 0.27930807430455257
radcliffe_camera_000095.jpg		 : 0.2380656704023174
bodleian_000132.jpg		 : 0.1516430256579262

------------------------------
average MaP 		 : 0.046593997626965124
