all_souls_000013.jpg		 : 0.11200335955890683
all_souls_000026.jpg		 : 0.0820919633909132
oxford_002985.jpg		 : 0.048678120206274926
all_souls_000051.jpg		 : 0.08869885604034622
oxford_003410.jpg		 : 0.0463603294125321
ashmolean_000058.jpg		 : 0.006804494422730613
ashmolean_000000.jpg		 : 0.009274679124052203
ashmolean_000269.jpg		 : 0.0068307387990094596
ashmolean_000007.jpg		 : 0.008792955717089372
ashmolean_000305.jpg		 : 0.006833495377362877
balliol_000051.jpg		 : 0.0041949783455818655
balliol_000187.jpg		 : 0.006809488524835825
balliol_000167.jpg		 : 0.005783188266685286
balliol_000194.jpg		 : 0.00683771376931436
oxford_001753.jpg		 : 0.0047750354660351145
bodleian_000107.jpg		 : 0.009962279585198623
oxford_002416.jpg		 : 0.009460578434994859
bodleian_000108.jpg		 : 0.009971496414268378
bodleian_000407.jpg		 : 0.007107407190111822
bodleian_000163.jpg		 : 0.011496840298904692
christ_church_000179.jpg		 : 0.09728643396684332
oxford_002734.jpg		 : 0.08529443386300196
christ_church_000999.jpg		 : 0.043464132481671865
christ_church_001020.jpg		 : 0.10067425202489569
oxford_002562.jpg		 : 0.07443231727352495
cornmarket_000047.jpg		 : 0.0033777298865773505
cornmarket_000105.jpg		 : 0.0027088676765554456
cornmarket_000019.jpg		 : 0.0032104157765614617
oxford_000545.jpg		 : 0.004345997269053513
cornmarket_000131.jpg		 : 0.0033750912164292814
hertford_000015.jpg		 : 0.019607741318134954
oxford_001752.jpg		 : 0.018956592718918343
oxford_000317.jpg		 : 0.018566615536526884
hertford_000027.jpg		 : 0.016270053427537384
hertford_000063.jpg		 : 0.02334797657147017
keble_000245.jpg		 : 0.004645404545557988
keble_000214.jpg		 : 0.004257279666772438
keble_000227.jpg		 : 0.005739575778640876
keble_000028.jpg		 : 0.005134351787118639
keble_000055.jpg		 : 0.01085898708899249
magdalen_000078.jpg		 : 0.09290782431137325
oxford_003335.jpg		 : 0.045278066608354886
magdalen_000058.jpg		 : 0.09487270605455132
oxford_001115.jpg		 : 0.09073886378293246
magdalen_000560.jpg		 : 0.0611331871242838
pitt_rivers_000033.jpg		 : 0.0024847986782194466
pitt_rivers_000119.jpg		 : 0.0022742026308919757
pitt_rivers_000153.jpg		 : 0.0024784952243851444
pitt_rivers_000087.jpg		 : 0.003111143413375197
pitt_rivers_000058.jpg		 : 0.0035970240640149287
radcliffe_camera_000519.jpg		 : 0.21142723400666616
oxford_002904.jpg		 : 0.31729091187779623
radcliffe_camera_000523.jpg		 : 0.38471127734020355
radcliffe_camera_000095.jpg		 : 0.3015577399104645
bodleian_000132.jpg		 : 0.138323794761437

------------------------------
average MaP 		 : 0.0507365366910706
