paris_defense_000605.jpg		 : 0.015561940340003045
paris_defense_000331.jpg		 : 0.013536201241581915
paris_defense_000216.jpg		 : 0.014555939863490002
paris_defense_000056.jpg		 : 0.0168291034730132
paris_defense_000254.jpg		 : 0.01748936822987662
paris_general_002985.jpg		 : 0.15392244155397808
paris_general_001729.jpg		 : 0.20132975689596472
paris_eiffel_000266.jpg		 : 0.17753432220865362
paris_general_002645.jpg		 : 0.15754510131121036
paris_general_002391.jpg		 : 0.17891494861160065
paris_invalides_000355.jpg		 : 0.04758880123454056
paris_invalides_000072.jpg		 : 0.05869149420805355
paris_invalides_000490.jpg		 : 0.04643279063030031
paris_invalides_000229.jpg		 : 0.08758541427476797
paris_invalides_000360.jpg		 : 0.04547727437870558
paris_louvre_000081.jpg		 : 0.04102135554855173
paris_louvre_000135.jpg		 : 0.08387970838152185
paris_louvre_000050.jpg		 : 0.04201485112029755
paris_louvre_000035.jpg		 : 0.08331629948091433
paris_louvre_000139.jpg		 : 0.02975824020209926
paris_moulinrouge_000667.jpg		 : 0.058247233836846685
paris_moulinrouge_000868.jpg		 : 0.0791085982590667
paris_moulinrouge_000657.jpg		 : 0.047400679881641414
paris_moulinrouge_000794.jpg		 : 0.07845980326666646
paris_moulinrouge_000004.jpg		 : 0.2610865137135999
paris_museedorsay_000527.jpg		 : 0.0893029532634535
paris_museedorsay_000012.jpg		 : 0.013419044057801872
paris_museedorsay_000897.jpg		 : 0.04938716044324255
paris_museedorsay_000564.jpg		 : 0.04623459512262203
paris_museedorsay_000878.jpg		 : 0.07396000553372488
paris_notredame_000256.jpg		 : 0.22066968751123414
paris_notredame_000965.jpg		 : 0.19818772800161982
paris_notredame_000390.jpg		 : 0.20729810396167847
paris_general_003117.jpg		 : 0.5212648679966954
paris_notredame_000581.jpg		 : 0.11302093123182706
paris_pantheon_000466.jpg		 : 0.04750954440643948
paris_pantheon_000520.jpg		 : 0.04195935647586929
paris_pantheon_000232.jpg		 : 0.04664074552263301
paris_pantheon_000547.jpg		 : 0.04944435052871825
paris_pantheon_000339.jpg		 : 0.05935309362924278
paris_pompidou_000432.jpg		 : 0.0073603881510609075
paris_pompidou_000444.jpg		 : 0.007544178411978091
paris_pompidou_000252.jpg		 : 0.0074061043459298865
paris_pompidou_000471.jpg		 : 0.007742288328207125
paris_pompidou_000636.jpg		 : 0.0066155554560211995
paris_sacrecoeur_000162.jpg		 : 0.04051177204512283
paris_sacrecoeur_000417.jpg		 : 0.06526445412508972
paris_sacrecoeur_000237.jpg		 : 0.10416187161212266
paris_sacrecoeur_000586.jpg		 : 0.08097957933436603
paris_sacrecoeur_000437.jpg		 : 0.06651296766698843
paris_triomphe_000369.jpg		 : 0.11251503717440521
paris_triomphe_000016.jpg		 : 0.11346089873076004
paris_triomphe_000135.jpg		 : 0.12517132150868068
paris_triomphe_000149.jpg		 : 0.09411508997691177
paris_defense_000038.jpg		 : 0.10406618919157644

------------------------------
average MaP 		 : 0.08651578265259945
