all_souls_000013.jpg		 : 0.12301777119459348
all_souls_000026.jpg		 : 0.08181610765331726
oxford_002985.jpg		 : 0.07788747558540235
all_souls_000051.jpg		 : 0.07051101956742305
oxford_003410.jpg		 : 0.04081614548961338
ashmolean_000058.jpg		 : 0.0074305410403432085
ashmolean_000000.jpg		 : 0.008780127791652182
ashmolean_000269.jpg		 : 0.006406560985946127
ashmolean_000007.jpg		 : 0.007190772859008255
ashmolean_000305.jpg		 : 0.007048683661393814
balliol_000051.jpg		 : 0.0036215090668082752
balliol_000187.jpg		 : 0.0066781754389994745
balliol_000167.jpg		 : 0.004589221982826757
balliol_000194.jpg		 : 0.005089990250391721
oxford_001753.jpg		 : 0.004463531023498132
bodleian_000107.jpg		 : 0.008363928432121916
oxford_002416.jpg		 : 0.009017887646462861
bodleian_000108.jpg		 : 0.007279159506145228
bodleian_000407.jpg		 : 0.007956252925065714
bodleian_000163.jpg		 : 0.008916534693975466
christ_church_000179.jpg		 : 0.07864719298546015
oxford_002734.jpg		 : 0.07689905356017818
christ_church_000999.jpg		 : 0.0668702683608411
christ_church_001020.jpg		 : 0.08508920738747691
oxford_002562.jpg		 : 0.042597819223683775
cornmarket_000047.jpg		 : 0.003429186367517014
cornmarket_000105.jpg		 : 0.002651007315811117
cornmarket_000019.jpg		 : 0.002963890968211018
oxford_000545.jpg		 : 0.004365713024057093
cornmarket_000131.jpg		 : 0.003615728524958954
hertford_000015.jpg		 : 0.017302501200914748
oxford_001752.jpg		 : 0.01663807241674888
oxford_000317.jpg		 : 0.01550518579482735
hertford_000027.jpg		 : 0.01413292496100634
hertford_000063.jpg		 : 0.01722226012800923
keble_000245.jpg		 : 0.003467760943399057
keble_000214.jpg		 : 0.0043818121121006045
keble_000227.jpg		 : 0.004503580580036335
keble_000028.jpg		 : 0.0050598763770294125
keble_000055.jpg		 : 0.007742751923488151
magdalen_000078.jpg		 : 0.0947539814602745
oxford_003335.jpg		 : 0.06299937368595589
magdalen_000058.jpg		 : 0.1633080887656235
oxford_001115.jpg		 : 0.03849715784956301
magdalen_000560.jpg		 : 0.10196900294031844
pitt_rivers_000033.jpg		 : 0.0018692373832221586
pitt_rivers_000119.jpg		 : 0.0028141322360907494
pitt_rivers_000153.jpg		 : 0.001793353337655459
pitt_rivers_000087.jpg		 : 0.0030247370413676944
pitt_rivers_000058.jpg		 : 0.0027600111204068734
radcliffe_camera_000519.jpg		 : 0.16302069036416675
oxford_002904.jpg		 : 0.2664457193949597
radcliffe_camera_000523.jpg		 : 0.2691247290042458
radcliffe_camera_000095.jpg		 : 0.3147138908011602
bodleian_000132.jpg		 : 0.12205070579525854

------------------------------
average MaP 		 : 0.04689294549329114
